0.236538 0.0679886 0.198571 
0.0416623 0.461461 0.000372674 
0.290825 0.136691 0.0765588 
0.505319 5.60707e-007 7.34554e-007 
0.0472631 0.135452 0.32264 
0.145451 0.095894 0.260724 
0.241372 0.209195 0.0551081 
0.000333874 0.338326 0.168056 
0.000203829 0.435689 0.0710864 
0.425259 0.08142 1.36511e-006 
0.208446 0.296271 0.000547196 
3.78642e-005 0.253152 0.253423 
0.0346605 0.347847 0.124801 
0.164155 0.208388 0.132576 
0.358405 0.146311 0.000293362 
0.0843188 0.336596 0.0821519 
0.0825445 0.289832 0.132517 
0.00268345 0.296865 0.207107 
0.463184 0.000755466 0.0418186 
0.00872976 0.177338 0.32141 
0.17441 0.127741 0.201253 
0.0831529 0.128421 0.295695 
0.0899738 0.415359 7.34574e-007 
0.127463 0.123245 0.256529 
0.336038 0.0021611 0.1689 
0.179499 0.298168 0.0284109 
0.123592 0.301799 0.0803638 
0.30473 0.201984 0.000442105 
0.311348 0.0817452 0.114463 
0.0799465 0.375528 0.0479869 
0.172263 0.26046 0.0714056 
0.0444099 0.295281 0.167376 
0.0843286 0.0843062 0.33534 
0.16979 0.17104 0.166247 
0.196848 0.0559938 0.253075 
0.169034 9.06905e-005 0.336162 
0.215869 0.258968 0.0311503 
0.251793 0.143876 0.111078 
0.29428 0.00182029 0.211116 
0.213509 0.139968 0.153548 
0.303343 0.148667 0.0552976 
0.209593 0.15371 0.140277 
0.0372261 0.0914458 0.375375 
0.0938909 0.211543 0.199297 
0.000692025 0.128339 0.376263 
0.00278582 0.0448408 0.457857 
0.0280354 0.261261 0.217577 
0.139113 0.338633 0.0289842 
0.0371451 0.411427 0.0549235 
0.0102939 0.209111 0.286369 
0.252687 0.000873322 0.251965 
0.130512 0.370881 0.000653163 
0.00041609 0.0776896 0.429279 
0.231605 0.0681922 0.206186 
0.0420001 0.0423093 0.420797 
0.12045 0.262567 0.124291 
0.135605 0.20238 0.167226 
0.000377129 0.382158 0.124181 
4.46403e-017 3.16413e-014 0.505017 
0.128683 0.00154311 0.377118 
0.0522469 0.000382461 0.496026 
0.249557 0.254576 5.26115e-006 
0.0921186 0.038136 0.375961 
0.26238 0.0856384 0.158956 
0.41981 1.02308e-005 0.0850464 
0.350476 0.154046 0.00125093 
3.74813e-010 0.509765 6.96709e-009 
0.35611 0.112989 0.0402494 
0.200706 0.206453 0.0995732 
0.0334875 0.219135 0.252868 
0.353113 0.0751924 0.0767002 
0.116771 0.0856008 0.301528 
0.016719 0.182994 0.307437 
0.163772 0.340433 0.00253096 
0.0838818 0.000427593 0.420797 
0.379185 0.000685547 0.126545 
1.24774e-005 0.460833 0.0439979 
0.260836 0.159384 0.0813032 
0.0987566 0.239347 0.16778 
0.211188 0.000415669 0.295738 
0.0479836 0.378627 0.0805941 
0.0724238 0.180192 0.252931 
0.386523 0.0776506 0.0409179 
0.140868 0.335858 0.0289223 
0.010839 0.379922 0.116542 
0.0628713 0.115448 0.329164 
0.42379 0.00245644 0.0805254 
0.300365 0.132467 0.0714237 
0.255322 0.00088243 0.249322 
0.132671 0.120709 0.253614 
0.0053951 0.442989 0.0554454 
0.092816 0.213887 0.198464 

