0.122657 0.020134 66.7391 
0.00340729 0.339269 109.973 
16.6347 10.7421 0.481187 
4.75229 34.5609 0.872226 
63.8506 15.505 0.0320453 
5.45114 1.32032 48.3328 
2.67993 0.00159796 256.686 
77.3501 0.376805 11.3129 
0.104798 59.9898 13.3807 
10.0491 0.177022 50.577 
3.04869 2.53435 24.5136 
0.00423128 1.34139 67.5751 
78.3616 11.8378 0.0478944 
0.262021 1.45089 24.9597 
201.202 0.863778 0.57206 
2.47652 42.5359 6.55142 
6.47204 22.5168 0.512196 
1.02874 0.00588412 246.126 
17.3501 1.29848 40.5903 
2.95571 2.54901 24.8911 
141.788 10.5897 0.0802152 
4.55816 8.09166 7.84966 
16.6381 10.7443 0.475544 
0.128962 73.8219 0.0433445 
7.17791 13.2256 0.0532443 
82.3014 2.18073 1.30604 
0.0827637 0.601897 84.422 
0.0925713 0.261017 56.9781 
60.5096 8.77288 0.180797 
0.000323663 2.12281 106.62 
4.86599 0.00093079 71.7022 
0.242996 1.37374 25.527 
47.4264 1.14001 2.6534 
0.159358 44.3761 26.2777 
42.4766 3.55016 3.2023 
92.9532 22.572 0.0267848 
0.783185 0.00845407 133.682 
0.00728741 0.12877 135.739 
4.3658 41.8884 3.15676 
2.56938 135.11 0.00895562 
0.248699 0.0548134 54.8008 
0.663142 54.015 0.848095 
0.0162599 0.0247006 168.469 
43.8017 3.38426 1.12005 
115.689 0.460763 7.84877 
5.37247 66.6974 0.106471 
20.8581 5.06503 0.275638 
0.00108216 0.408826 131.549 
23.2986 4.74375 16.6838 
128.156 0.0564781 0.596303 
54.1688 0.797697 2.18088 
0.0844864 0.0134274 101.997 
0.0341306 0.0515124 89.2147 
0.0223915 0.124269 129.044 
76.1813 15.9313 0.0730231 
6.80453 1.64812 47.5395 
31.2227 5.66877 11.943 
77.9829 1.29896 25.6662 
18.3475 15.8229 9.64469 
5.99174 16.6984 21.7136 
0.463122 2.70838 30.1033 
3.83269 0.0564406 57.2968 
0.172756 56.5825 32.8853 
25.9358 5.05338 23.064 
8.88551 15.7736 13.2491 
46.4457 8.02436 3.85912 
11.2817 1.32956 55.5642 
7.96458 28.5967 0.0708726 
17.429 24.7331 0.069755 
3.36899 0.771516 64.3901 
55.3294 1.32998 3.45147 
3.30571 2.74801 26.5801 
6.76368 23.5314 0.532212 
0.263835 73.4698 16.0359 
18.6835 12.0651 0.553138 
9.60367 1.55514 48.51 
0.338577 82.8938 5.60222 
135.762 32.9674 0.0681361 
0.80238 79.8943 15.8023 
3.58016 0.418184 58.9059 
4.5615 43.7661 3.29826 
0.0214493 1.88193 75.7419 
107.697 2.85362 1.70904 
204.013 0.121647 0.949414 
2.69605 141.771 0.160206 
0.421394 2.31761 57.5494 
149.143 11.1389 0.084376 
1.60845 84.5796 1.0039 
0.00689114 1.91896 76.6363 
0.473769 88.2087 1.6431 
0.823267 64.1518 1.16884 
6.69411 128.979 0.204024 

